<?xml version="1.0"?>
<opencv_storage>
<CameraMatrix type_id="opencv-matrix">
  <rows>3</rows>
  <cols>3</cols>
  <dt>d</dt>
  <data>
    5.3014221610140032e+02 0. 3.0545212164750183e+02 0.
    5.3070900613683796e+02 2.3040871465424075e+02 0. 0. 1.</data></CameraMatrix>
<DistortionCoeffient type_id="opencv-matrix">
  <rows>1</rows>
  <cols>5</cols>
  <dt>d</dt>
  <data>
    -1.0942765844768762e-01 2.2661507399496894e-01
    -8.1040378022062959e-03 -1.0902442955976746e-03
    2.6936788829400066e-02</data></DistortionCoeffient>
</opencv_storage>
